1062788782639|1062788800204|1|1,16,22,32,34|9|l1_merged/merged_seed1062788782639.json
108477750639|108477820729|1|5,19,21,26,31|3|l1_merged/merged_seed108477750639.json
1093944298639|1093945634126|1|5,20,24,28,34|12|l1_merged/merged_seed1093944298639.json
1125099814639|1125099975752|1|4,14,18,24,26|6|l1_merged/merged_seed1125099814639.json
1156255330639|1156255698483|1|3,7,12,16,21|9|l1_merged/merged_seed1156255330639.json
1187410846639|1187411228954|1|7,15,18,24,34|4|l1_merged/merged_seed1187410846639.json
1218566362639|1218566630559|1|6,12,13,15,29|9|l1_merged/merged_seed1218566362639.json
682305800400|682305806894|1|6,11,25,29,33|1|l1_merged/merged_seed682305800400.json
708477750639|708477963055|1|4,6,8,19,35|8|l1_merged/merged_seed708477750639.json
900477750639|900478188142|1|8,10,14,18,24|4|l1_merged/merged_seed900477750639.json
