108477750639|115052272976|14,16,17,27,30|1|l1_merged/merged_seed108477750639.json;l2_merged/promoted_seed108477750639.json
108477750639|117833314652|1,3,11,16,21|4|l1_merged/merged_seed108477750639.json;l2_merged/promoted_seed108477750639.json
108477750639|111491033997|4,16,28,30,34|10|l1_merged/merged_seed108477750639.json;l2_merged/promoted_seed108477750639.json
108477750639|108526236304|3,9,18,23,33|8|l1_merged/merged_seed108477750639.json;l2_merged/promoted_seed108477750639.json
682305800400|682670447749|7,15,22,28,34|5|l1_merged/merged_seed682305800400.json;l2_merged/promoted_seed682305800400.json
900477750639|909921346945|2,4,21,27,30|2|l1_merged/merged_seed900477750639.json;l2_merged/promoted_seed900477750639.json
900477750639|902623349208|3,9,20,22,24|2|l1_merged/merged_seed900477750639.json;l2_merged/promoted_seed900477750639.json
900477750639|901384006707|2,7,11,19,34|9|l1_merged/merged_seed900477750639.json;l2_merged/promoted_seed900477750639.json
900477750639|905427107446|14,15,26,29,32|5|l1_merged/merged_seed900477750639.json;l2_merged/promoted_seed900477750639.json
1903987714639|1920943704755|2,19,21,28,32|3|l1_merged/merged_seed1903987714639.json;l2_merged/promoted_seed1903987714639.json
1903987714639|1912728814664|2,4,15,27,28|6|l1_merged/merged_seed1903987714639.json;l2_merged/promoted_seed1903987714639.json
1903987714639|1910596493716|8,10,15,21,30|5|l1_merged/merged_seed1903987714639.json;l2_merged/promoted_seed1903987714639.json
1903987714639|1919848467448|13,19,22,32,34|4|l1_merged/merged_seed1903987714639.json;l2_merged/promoted_seed1903987714639.json
1903987714639|1908925699403|12,13,16,23,24|9|l1_merged/merged_seed1903987714639.json;l2_merged/promoted_seed1903987714639.json
1903987714639|1904851400659|5,10,13,18,21|6|l1_merged/merged_seed1903987714639.json;l2_merged/promoted_seed1903987714639.json
1980877394639|1992135569445|8,9,15,25,27|9|l1_merged/merged_seed1980877394639.json
1980877394639|1996759517654|5,22,25,29,30|8|l1_merged/merged_seed1980877394639.json
1980877394639|1987357312263|5,6,15,18,33|8|l1_merged/merged_seed1980877394639.json
2371320454639|2386114216480|3,8,18,27,33|11|l1_merged/merged_seed2371320454639.json;l2_merged/promoted_seed2371320454639.json
2371320454639|2375321104889|3,10,17,19,34|1|l1_merged/merged_seed2371320454639.json;l2_merged/promoted_seed2371320454639.json
2371320454639|2382377698193|6,15,20,21,25|7|l1_merged/merged_seed2371320454639.json;l2_merged/promoted_seed2371320454639.json
2371320454639|2383122978066|6,15,22,32,34|1|l1_merged/merged_seed2371320454639.json;l2_merged/promoted_seed2371320454639.json
