108477750639|114877438365|4,8,11,19,22|9|l1_merged/merged_seed108477750639.json;l2_merged/promoted_seed108477750639.json
108477750639|108835357360|1,9,12,18,23|7|l1_merged/merged_seed108477750639.json;l2_merged/promoted_seed108477750639.json
682305800400|683673191203|4,21,24,26,33|1|l1_merged/merged_seed682305800400.json;l2_merged/promoted_seed682305800400.json
682305800400|682502416922|8,20,24,30,31|2|l1_merged/merged_seed682305800400.json;l2_merged/promoted_seed682305800400.json
900477750639|911103635930|5,21,22,32,35|1|l1_merged/merged_seed900477750639.json;l2_merged/promoted_seed900477750639.json
900477750639|900826442349|6,8,11,12,21|1|l1_merged/merged_seed900477750639.json;l2_merged/promoted_seed900477750639.json
1903987714639|1905822571772|13,14,16,32,34|10|l1_merged/merged_seed1903987714639.json;l2_merged/promoted_seed1903987714639.json
1903987714639|1913386486703|9,13,14,26,30|10|l1_merged/merged_seed1903987714639.json;l2_merged/promoted_seed1903987714639.json
1903987714639|1908379919675|2,9,18,20,31|8|l1_merged/merged_seed1903987714639.json;l2_merged/promoted_seed1903987714639.json
1903987714639|1914060072237|4,6,15,19,23|12|l1_merged/merged_seed1903987714639.json;l2_merged/promoted_seed1903987714639.json
1903987714639|1905010017427|7,9,19,29,31|1|l1_merged/merged_seed1903987714639.json;l2_merged/promoted_seed1903987714639.json
1903987714639|1908151732807|4,12,17,19,27|3|l1_merged/merged_seed1903987714639.json;l2_merged/promoted_seed1903987714639.json
2433631486639|2434054654479|6,9,29,30,31|7|l1_merged/merged_seed2433631486639.json;l2_merged/promoted_seed2433631486639.json
2433631486639|2446811496477|7,13,28,31,33|5|l1_merged/merged_seed2433631486639.json;l2_merged/promoted_seed2433631486639.json
