108477750639|123789155081|2,5,18,27,29|6|l1_merged/merged_seed108477750639.json;l2_merged/promoted_seed108477750639.json
108477750639|115563329266|5,6,8,23,34|8|l1_merged/merged_seed108477750639.json;l2_merged/promoted_seed108477750639.json
108477750639|112354788851|2,13,14,18,20|10|l1_merged/merged_seed108477750639.json;l2_merged/promoted_seed108477750639.json
108477750639|112079807057|13,18,25,27,29|6|l1_merged/merged_seed108477750639.json;l2_merged/promoted_seed108477750639.json
682305800400|682552591100|4,15,16,21,27|10|l1_merged/merged_seed682305800400.json;l2_merged/promoted_seed682305800400.json
900477750639|900560989750|2,7,10,14,32|9|l1_merged/merged_seed900477750639.json;l2_merged/promoted_seed900477750639.json
900477750639|905075366986|1,10,26,31,33|6|l1_merged/merged_seed900477750639.json;l2_merged/promoted_seed900477750639.json
900477750639|902705199461|3,14,17,27,34|3|l1_merged/merged_seed900477750639.json;l2_merged/promoted_seed900477750639.json
900477750639|903148400686|4,17,23,24,26|6|l1_merged/merged_seed900477750639.json;l2_merged/promoted_seed900477750639.json
1903987714639|1928503224000|4,9,12,27,29|7|l1_merged/merged_seed1903987714639.json;l2_merged/promoted_seed1903987714639.json
1903987714639|1909285744210|2,5,14,32,35|11|l1_merged/merged_seed1903987714639.json;l2_merged/promoted_seed1903987714639.json
1903987714639|1907631668511|12,16,17,19,20|10|l1_merged/merged_seed1903987714639.json;l2_merged/promoted_seed1903987714639.json
1903987714639|1917841818090|3,8,14,23,29|3|l1_merged/merged_seed1903987714639.json;l2_merged/promoted_seed1903987714639.json
1903987714639|1904812302665|4,9,12,17,32|10|l1_merged/merged_seed1903987714639.json;l2_merged/promoted_seed1903987714639.json
1903987714639|1906726262403|14,15,16,22,35|2|l1_merged/merged_seed1903987714639.json;l2_merged/promoted_seed1903987714639.json
1949721878639|1952401402943|3,21,29,31,32|3|l1_merged/merged_seed1949721878639.json
1949721878639|1967132700856|6,8,13,18,20|9|l1_merged/merged_seed1949721878639.json
1949721878639|1973132375849|3,15,23,26,28|10|l1_merged/merged_seed1949721878639.json
1949721878639|1965690402317|1,3,12,26,27|10|l1_merged/merged_seed1949721878639.json
2340164938639|2340357297766|1,2,4,10,16|10|l1_merged/merged_seed2340164938639.json;l2_merged/promoted_seed2340164938639.json
2340164938639|2343214323140|5,10,11,25,35|11|l1_merged/merged_seed2340164938639.json;l2_merged/promoted_seed2340164938639.json
2340164938639|2345676985497|16,17,30,31,34|7|l1_merged/merged_seed2340164938639.json;l2_merged/promoted_seed2340164938639.json
2340164938639|2348020862335|1,4,16,28,33|11|l1_merged/merged_seed2340164938639.json;l2_merged/promoted_seed2340164938639.json
