108477750639|121277635296|12,16,17,21,27|7|l1_merged/merged_seed108477750639.json;l2_merged/promoted_seed108477750639.json
108477750639|112943207761|18,20,23,31,33|12|l1_merged/merged_seed108477750639.json;l2_merged/promoted_seed108477750639.json
108477750639|117659463015|3,5,8,13,28|2|l1_merged/merged_seed108477750639.json;l2_merged/promoted_seed108477750639.json
108477750639|115996541810|10,11,13,21,29|8|l1_merged/merged_seed108477750639.json;l2_merged/promoted_seed108477750639.json
682305800400|682890945616|6,10,19,28,30|9|l1_merged/merged_seed682305800400.json;l2_merged/promoted_seed682305800400.json
900477750639|901947161208|3,4,25,30,31|1|l1_merged/merged_seed900477750639.json;l2_merged/promoted_seed900477750639.json
900477750639|905041399575|4,16,17,28,29|1|l1_merged/merged_seed900477750639.json;l2_merged/promoted_seed900477750639.json
900477750639|905552324983|6,19,23,26,30|12|l1_merged/merged_seed900477750639.json;l2_merged/promoted_seed900477750639.json
900477750639|901550048777|7,9,15,29,31|4|l1_merged/merged_seed900477750639.json;l2_merged/promoted_seed900477750639.json
1903987714639|1905205116850|3,6,29,30,31|3|l1_merged/merged_seed1903987714639.json;l2_merged/promoted_seed1903987714639.json
1903987714639|1908820583120|4,29,31,34,35|2|l1_merged/merged_seed1903987714639.json;l2_merged/promoted_seed1903987714639.json
1903987714639|1920659765145|2,17,22,28,32|2|l1_merged/merged_seed1903987714639.json;l2_merged/promoted_seed1903987714639.json
1903987714639|1904036930435|5,12,13,22,29|4|l1_merged/merged_seed1903987714639.json;l2_merged/promoted_seed1903987714639.json
1903987714639|1908145265442|2,11,22,23,27|2|l1_merged/merged_seed1903987714639.json;l2_merged/promoted_seed1903987714639.json
1903987714639|1906481856934|2,9,10,16,29|5|l1_merged/merged_seed1903987714639.json;l2_merged/promoted_seed1903987714639.json
1918566362639|1926591711389|2,8,13,14,16|3|l1_merged/merged_seed1918566362639.json
1918566362639|1920775431873|1,4,8,11,33|5|l1_merged/merged_seed1918566362639.json
1918566362639|1925292467722|8,13,17,20,34|8|l1_merged/merged_seed1918566362639.json
2309009422639|2326098485596|4,7,13,14,28|12|l1_merged/merged_seed2309009422639.json;l2_merged/promoted_seed2309009422639.json
2309009422639|2312473231891|2,9,16,33,35|10|l1_merged/merged_seed2309009422639.json;l2_merged/promoted_seed2309009422639.json
2309009422639|2311974325446|7,10,12,30,31|5|l1_merged/merged_seed2309009422639.json;l2_merged/promoted_seed2309009422639.json
2309009422639|2310643224292|4,7,24,28,35|4|l1_merged/merged_seed2309009422639.json;l2_merged/promoted_seed2309009422639.json
