108477750639|111667713297|4,6,11,20,23|5|l1_merged/merged_seed108477750639.json;l2_merged/promoted_seed108477750639.json
108477750639|109217209296|1,3,8,19,30|12|l1_merged/merged_seed108477750639.json;l2_merged/promoted_seed108477750639.json
682305800400|682522665808|11,16,23,31,35|4|l1_merged/merged_seed682305800400.json;l2_merged/promoted_seed682305800400.json
682305800400|682550075802|2,12,18,19,24|6|l1_merged/merged_seed682305800400.json;l2_merged/promoted_seed682305800400.json
900477750639|905050223373|4,5,6,16,20|4|l1_merged/merged_seed900477750639.json;l2_merged/promoted_seed900477750639.json
900477750639|902995227832|12,16,18,26,30|10|l1_merged/merged_seed900477750639.json;l2_merged/promoted_seed900477750639.json
1903987714639|1930678677815|9,17,23,29,30|1|l1_merged/merged_seed1903987714639.json;l2_merged/promoted_seed1903987714639.json
1903987714639|1929697772808|10,22,28,30,32|5|l1_merged/merged_seed1903987714639.json;l2_merged/promoted_seed1903987714639.json
1903987714639|1913975484001|22,26,28,30,32|7|l1_merged/merged_seed1903987714639.json;l2_merged/promoted_seed1903987714639.json
1903987714639|1910438072506|2,8,13,18,30|2|l1_merged/merged_seed1903987714639.json;l2_merged/promoted_seed1903987714639.json
1903987714639|1904913992931|1,5,23,26,34|8|l1_merged/merged_seed1903987714639.json;l2_merged/promoted_seed1903987714639.json
1903987714639|1912702247767|1,12,16,25,35|3|l1_merged/merged_seed1903987714639.json;l2_merged/promoted_seed1903987714639.json
2527098034639|2529060967711|2,8,30,31,32|12|l1_merged/merged_seed2527098034639.json;l2_merged/promoted_seed2527098034639.json
2527098034639|2529602553330|4,6,24,30,32|9|l1_merged/merged_seed2527098034639.json;l2_merged/promoted_seed2527098034639.json
