108477750639|111659886884|5,13,14,22,33|11|l1_merged/merged_seed108477750639.json;l2_merged/promoted_seed108477750639.json
108477750639|110008420413|2,7,9,29,32|7|l1_merged/merged_seed108477750639.json;l2_merged/promoted_seed108477750639.json
682305800400|682590222992|8,15,23,24,29|3|l1_merged/merged_seed682305800400.json;l2_merged/promoted_seed682305800400.json
682305800400|682443126589|5,15,18,21,31|3|l1_merged/merged_seed682305800400.json;l2_merged/promoted_seed682305800400.json
900477750639|901638621204|17,24,28,30,33|10|l1_merged/merged_seed900477750639.json;l2_merged/promoted_seed900477750639.json
900477750639|912379202446|4,22,24,31,33|6|l1_merged/merged_seed900477750639.json;l2_merged/promoted_seed900477750639.json
1903987714639|1914998880654|5,7,16,26,35|2|l1_merged/merged_seed1903987714639.json;l2_merged/promoted_seed1903987714639.json
1903987714639|1911857891171|7,12,15,24,31|3|l1_merged/merged_seed1903987714639.json;l2_merged/promoted_seed1903987714639.json
1903987714639|1912448708197|15,19,22,27,34|12|l1_merged/merged_seed1903987714639.json;l2_merged/promoted_seed1903987714639.json
1903987714639|1920009745309|10,18,19,26,30|7|l1_merged/merged_seed1903987714639.json;l2_merged/promoted_seed1903987714639.json
1903987714639|1907300620044|6,12,17,26,30|1|l1_merged/merged_seed1903987714639.json;l2_merged/promoted_seed1903987714639.json
1903987714639|1907014642741|2,11,20,26,31|3|l1_merged/merged_seed1903987714639.json;l2_merged/promoted_seed1903987714639.json
2464787002639|2477229907143|3,16,17,26,30|8|l1_merged/merged_seed2464787002639.json;l2_merged/promoted_seed2464787002639.json
2464787002639|2467211786988|9,10,24,25,31|8|l1_merged/merged_seed2464787002639.json;l2_merged/promoted_seed2464787002639.json
