108477750639|120133258086|11,12,17,33,34|9|l1_merged/merged_seed108477750639.json
108477750639|122829127918|3,4,21,23,28|12|l1_merged/merged_seed108477750639.json
108477750639|111216517561|4,8,26,27,35|12|l1_merged/merged_seed108477750639.json
108477750639|120357873106|1,5,14,24,28|8|l1_merged/merged_seed108477750639.json
108477750639|120357873106|1,5,14,24,28|8|l1_merged/merged_seed108477750639.json
682305800400|682326624955|13,19,27,31,35|4|l1_merged/merged_seed682305800400.json
682305800400|682386253667|2,4,15,25,32|6|l1_merged/merged_seed682305800400.json
682305800400|682664825942|1,2,11,20,26|12|l1_merged/merged_seed682305800400.json
682305800400|682456231439|2,13,27,30,34|11|l1_merged/merged_seed682305800400.json
682305800400|683261118862|7,14,27,28,30|4|l1_merged/merged_seed682305800400.json
900477750639|916668886382|2,13,27,29,35|2|l1_merged/merged_seed900477750639.json
900477750639|912467386971|15,23,31,33,34|7|l1_merged/merged_seed900477750639.json
900477750639|901914562232|8,23,32,33,35|6|l1_merged/merged_seed900477750639.json
900477750639|905857159385|6,10,24,26,31|10|l1_merged/merged_seed900477750639.json
900477750639|905857159385|6,10,24,26,31|10|l1_merged/merged_seed900477750639.json
1903987714639|1904481374094|3,12,16,27,28|3|l1_merged/merged_seed1903987714639.json
1903987714639|1915765943380|2,21,23,26,27|5|l1_merged/merged_seed1903987714639.json
1903987714639|1904842849341|2,3,8,30,32|7|l1_merged/merged_seed1903987714639.json
1903987714639|1906107395302|8,11,22,31,34|1|l1_merged/merged_seed1903987714639.json
1903987714639|1906091783357|4,7,10,14,33|4|l1_merged/merged_seed1903987714639.json
1903987714639|1926239412026|12,18,27,30,34|11|l1_merged/merged_seed1903987714639.json
2682875614639|2683253712280|9,10,19,27,34|7|l1_merged/merged_seed2682875614639.json
2682875614639|2688733573989|5,16,21,29,31|6|l1_merged/merged_seed2682875614639.json
2682875614639|2694615816170|1,4,5,24,25|7|l1_merged/merged_seed2682875614639.json
2682875614639|2689548633470|1,3,27,29,33|9|l1_merged/merged_seed2682875614639.json
2682875614639|2689548633470|1,3,27,29,33|9|l1_merged/merged_seed2682875614639.json
