108477750639|113875503961|6,8,14,27,28|8|l1_merged/merged_seed108477750639.json;l2_merged/promoted_seed108477750639.json
108477750639|115053675535|4,11,22,23,34|6|l1_merged/merged_seed108477750639.json;l2_merged/promoted_seed108477750639.json
682305800400|682897660024|1,11,20,24,27|1|l1_merged/merged_seed682305800400.json;l2_merged/promoted_seed682305800400.json
682305800400|682823118599|6,7,20,25,29|9|l1_merged/merged_seed682305800400.json;l2_merged/promoted_seed682305800400.json
900477750639|908260450734|14,17,20,26,35|11|l1_merged/merged_seed900477750639.json;l2_merged/promoted_seed900477750639.json
900477750639|907834442332|18,27,32,34,35|11|l1_merged/merged_seed900477750639.json;l2_merged/promoted_seed900477750639.json
1903987714639|1921527029283|5,8,10,13,22|6|l1_merged/merged_seed1903987714639.json;l2_merged/promoted_seed1903987714639.json
1903987714639|1923060266699|4,11,24,31,35|3|l1_merged/merged_seed1903987714639.json;l2_merged/promoted_seed1903987714639.json
1903987714639|1910819114960|9,11,19,21,26|8|l1_merged/merged_seed1903987714639.json;l2_merged/promoted_seed1903987714639.json
1903987714639|1906358206568|4,7,11,27,34|11|l1_merged/merged_seed1903987714639.json;l2_merged/promoted_seed1903987714639.json
1903987714639|1916598069760|3,4,11,12,20|5|l1_merged/merged_seed1903987714639.json;l2_merged/promoted_seed1903987714639.json
1903987714639|1912667778478|8,9,12,16,20|9|l1_merged/merged_seed1903987714639.json;l2_merged/promoted_seed1903987714639.json
2495942518639|2507923218657|1,14,21,22,27|4|l1_merged/merged_seed2495942518639.json;l2_merged/promoted_seed2495942518639.json
2495942518639|2502295811099|2,5,15,17,34|6|l1_merged/merged_seed2495942518639.json;l2_merged/promoted_seed2495942518639.json
