108477750639|114806080554|16,17,18,22,28|3|l1_merged/merged_seed108477750639.json
108477750639|125938457190|7,8,19,22,33|6|l1_merged/merged_seed108477750639.json
682305800400|682935133853|14,18,19,22,25|3|l1_merged/merged_seed682305800400.json
682305800400|682684405177|8,11,17,20,24|5|l1_merged/merged_seed682305800400.json
900477750639|907256478330|2,23,26,32,33|2|l1_merged/merged_seed900477750639.json
900477750639|904602646613|12,18,21,22,34|6|l1_merged/merged_seed900477750639.json
1903987714639|1914853748472|5,8,10,11,31|3|l1_merged/merged_seed1903987714639.json
1903987714639|1907541547117|2,23,24,26,32|9|l1_merged/merged_seed1903987714639.json
1903987714639|1906849856508|5,12,17,25,35|11|l1_merged/merged_seed1903987714639.json
1903987714639|1908496130571|2,3,10,22,32|1|l1_merged/merged_seed1903987714639.json
1903987714639|1905633749860|4,8,11,14,24|9|l1_merged/merged_seed1903987714639.json
1903987714639|1906848751404|9,10,18,24,31|3|l1_merged/merged_seed1903987714639.json
2620564582639|2630642284742|20,24,25,31,32|7|l1_merged/merged_seed2620564582639.json
2620564582639|2621421079549|2,17,18,28,31|8|l1_merged/merged_seed2620564582639.json
