108477750639|108694924254|10,12,22,31,33|11|l1_merged/merged_seed108477750639.json
108477750639|111643112399|6,9,19,20,26|6|l1_merged/merged_seed108477750639.json
108477750639|108791898676|5,6,8,14,15|11|l1_merged/merged_seed108477750639.json
108477750639|113035180979|4,10,30,32,35|12|l1_merged/merged_seed108477750639.json
108477750639|111180632976|2,18,22,30,32|5|l1_merged/merged_seed108477750639.json
108477750639|109062504032|13,17,22,26,35|1|l1_merged/merged_seed108477750639.json
682305800400|682865372911|2,12,21,30,34|9|l1_merged/merged_seed682305800400.json
900477750639|918262037583|5,8,11,12,15|5|l1_merged/merged_seed900477750639.json
900477750639|901895421578|7,20,27,29,32|9|l1_merged/merged_seed900477750639.json
900477750639|903242715532|4,5,19,23,27|12|l1_merged/merged_seed900477750639.json
900477750639|916297799471|7,8,25,30,33|11|l1_merged/merged_seed900477750639.json
900477750639|901617454173|18,28,32,33,34|5|l1_merged/merged_seed900477750639.json
900477750639|916297799471|7,8,25,30,33|11|l1_merged/merged_seed900477750639.json
1903987714639|1904199999128|7,11,15,22,32|12|l1_merged/merged_seed1903987714639.json
1903987714639|1904210686229|1,11,15,20,35|9|l1_merged/merged_seed1903987714639.json
1903987714639|1906756548355|11,20,23,32,34|2|l1_merged/merged_seed1903987714639.json
1903987714639|1905937519917|1,13,22,30,35|4|l1_merged/merged_seed1903987714639.json
1903987714639|1906723104003|6,20,28,29,32|9|l1_merged/merged_seed1903987714639.json
1903987714639|1905937519917|1,13,22,30,35|4|l1_merged/merged_seed1903987714639.json
2651720098639|2657180987794|4,11,20,28,31|3|l1_merged/merged_seed2651720098639.json
2651720098639|2667770824068|4,16,18,25,26|2|l1_merged/merged_seed2651720098639.json
2651720098639|2655158770541|5,16,28,30,35|4|l1_merged/merged_seed2651720098639.json
2651720098639|2652634332438|2,9,16,28,35|11|l1_merged/merged_seed2651720098639.json
2651720098639|2652634332438|2,9,16,28,35|11|l1_merged/merged_seed2651720098639.json
