1512 10016550194
1512 10030165104
1512 10038636727
1512 10040786637
1512 10060374117
1512 10061270641
1512 10083314483
1512 10085133963
1512 10087164594
1512 10116413740
1512 10121122919
1512 10154323944
1512 10159243771
1512 10159520863
1512 10165340849
1512 10169490271
1512 10173602573
1512 10192143350
1512 10200113039
1512 10200706156
1512 10201077750
1512 10205465306
1512 10224901388
1512 10230886191
1512 10238962973
1512 10243336012
1512 10250366640
1512 10261239610
1512 10269808754
1512 10270165483
1512 10278494356
1512 10292799113
1513 10020722148
1513 10027943676
1513 10029281530
1513 10052715781
1513 10054976098
1513 10065968104
1513 10067986476
1513 10084339299
1513 10088569934
1513 10108633007
1513 10115385932
1513 10132675387
1513 10134312501
1513 10134640904
1513 10152558430
1513 10157259351
1513 10160569763
1513 10161341794
1513 10178278558
1513 10185364454
1513 10192732948
1513 10204935915
1513 10210360488
1513 10219082138
1513 10231397919
1513 10241666228
1513 10266268983
1513 10276238614
1513 10286440819
1514 10003380917
1514 10004353633
1514 10009037050
1514 10024665844
1514 10049977909
1514 10061313984
1514 10072750845
1514 10073138475
1514 10075163004
1514 10084253839
1514 10085017849
1514 10085716454
1514 10090613268
1514 10093468400
1514 10103582402
1514 10106182764
1514 10114422237
1514 10121239887
1514 10122299861
1514 10122472386
1514 10123170954
1514 10137911324
1514 10148954041
1514 10149207783
1514 10155972492
1514 10165609945
1514 10175600609
1514 10183696764
1514 10185276969
1514 10202821841
1514 10227554568
1514 10237558197
1514 10238828171
1514 10244344536
1514 10247433498
1514 10266201878
1514 10269505393
1514 10276468841
1514 10277482020
1514 10286650389
1515 10001484890
1515 10011143139
1515 10012768052
1515 10025654069
1515 10037118586
1515 10044475997
1515 10058453314
1515 10069857329
1515 10070299028
1515 10072181995
1515 10083977492
1515 10099077829
1515 10104765286
1515 10105602287
1515 10110038189
1515 10118828658
1515 10122331906
1515 10126201160
1515 10132899766
1515 10134589113
1515 10147610367
1515 10168360419
1515 10198369957
1515 10198400348
1515 10201865227
1515 10201973082
1515 10211698340
1515 10213305610
1515 10215000499
1515 10215672609
1515 10218630937
1515 10225908514
1515 10232427900
1515 10233142724
1515 10235010359
1515 10236207776
1515 10249978178
1515 10251524137
1515 10278317552
1515 10279077260
1515 10280171997
1515 10282545485
1515 10289489777
1516 10005242108
1516 10015924387
1516 10020978892
1516 10025140643
1516 10027981111
1516 10028099183
1516 10046329505
1516 10065889291
1516 10067087318
1516 10073486613
1516 10082051818
1516 10091707385
1516 10094833407
1516 10112380560
1516 10115988308
1516 10129321396
1516 10141464143
1516 10144753798
1516 10150478386
1516 10151234890
1516 10159884058
1516 10194352784
1516 10206221548
1516 10209493076
1516 10215331078
1516 10220296535
1516 10234278830
1516 10246417344
1516 10277357982
1516 10279657520
1516 10283552259
1517 10005164702
1517 10006455018
1517 10009488751
1517 10023422746
1517 10024627658
1517 10024690337
1517 10028068382
1517 10061176746
1517 10062764464
1517 10063807605
1517 10070310934
1517 10075501790
1517 10080316166
1517 10086993347
1517 10101921966
1517 10108003087
1517 10113438898
1517 10129205267
1517 10133471582
1517 10140364633
1517 10144768210
1517 10148661202
1517 10160607570
1517 10167458397
1517 10182646041
1517 10206824159
1517 10214391686
1517 10227739205
1517 10249329235
1517 10279230336
1517 10282710339
1517 10290825950
1518 10008205302
1518 10008258324
1518 10009002289
1518 10025070640
1518 10029049583
1518 10029416396
1518 10035467941
1518 10036713136
1518 10054886676
1518 10071346602
1518 10073859582
1518 10082467685
1518 10083954748
1518 10085450680
1518 10086453656
1518 10086661212
1518 10086795293
1518 10114127923
1518 10138695523
1518 10139877727
1518 10144153047
1518 10145539906
1518 10145625996
1518 10147267899
1518 10148233076
1518 10153679256
1518 10160283635
1518 10162925842
1518 10167011559
1518 10187484198
1518 10188988503
1518 10190014917
1518 10204194102
1518 10207611084
1518 10222152115
1518 10226560428
1518 10236194258
1518 10237496955
1518 10239035477
1518 10268293918
1518 10270357584
1518 10290585974
1519 10005022943
1519 10007581099
1519 10011258538
1519 10022960395
1519 10044193519
1519 10045961431
1519 10062644270
1519 10063450553
1519 10072447075
1519 10084732000
1519 10092833689
1519 10100199669
1519 10106798660
1519 10108488004
1519 10115187807
1519 10119546230
1519 10125270894
1519 10125469439
1519 10132000941
1519 10133133510
1519 10133161994
1519 10138614416
1519 10141309898
1519 10153957305
1519 10156675109
1519 10179039867
1519 10186965845
1519 10198957907
1519 10201044972
1519 10209087274
1519 10218869266
1519 10221457475
1519 10226560419
1519 10234207722
1519 10247446187
1519 10249471808
1519 10260207859
1519 10260231969
1519 10265793619
1519 10270624833
1519 10286358632
1519 10288777195
1519 10293615051
1519 10296842704
1519 10298718839
1520 10004576536
1520 10018382329
1520 10035056473
1520 10042705189
1520 10047941697
1520 10052788609
1520 10053315565
1520 10071802188
1520 10072594474
1520 10103193387
1520 10109099958
1520 10116725746
1520 10140526027
1520 10145364908
1520 10151833041
1520 10158969181
1520 10171471659
1520 10172360233
1520 10174429134
1520 10175389705
1520 10184398031
1520 10204175208
1520 10212759897
1520 10221450011
1520 10225514695
1520 10236426266
1520 10239062473
1520 10251903517
1520 10258390976
1520 10266278168
1520 10278421748
1520 10280983579
1520 10289801637
1520 10293522687
1520 10294477145
1520 10295394397
1520 10299055659
1521 10004351835
1521 10008057953
1521 10010533305
1521 10013825006
1521 10013952489
1521 10018613615
1521 10030100730
1521 10041092349
1521 10064145192
1521 10070097555
1521 10076435180
1521 10083311747
1521 10089606097
1521 10121768812
1521 10134041114
1521 10150066811
1521 10159631565
1521 10162725430
1521 10166924923
1521 10186351279
1521 10192067169
1521 10224934327
1521 10224949007
1521 10229622271
1521 10243445669
1521 10246571084
1521 10251692370
1521 10259353776
1521 10262089807
1521 10288269051
1522 10004799486
1522 10011149393
1522 10015954543
1522 10023345317
1522 10026452705
1522 10027052283
1522 10027153552
1522 10028028865
1522 10050934089
1522 10057108152
1522 10061135366
1522 10061961670
1522 10075391096
1522 10113682318
1522 10118084276
1522 10121685756
1522 10130713338
1522 10145847210
1522 10150620001
1522 10152331433
1522 10152403193
1522 10158854739
1522 10174586727
1522 10178899042
1522 10181094493
1522 10184183816
1522 10184645746
1522 10197939669
1522 10202077381
1522 10219572059
1522 10222208069
1522 10224248711
1522 10230783542
1522 10242527999
1522 10276778887
1523 10014184677
1523 10025352158
1523 10030786647
1523 10033615178
1523 10053797509
1523 10058407696
1523 10062075409
1523 10066461663
1523 10068887978
1523 10076263687
1523 10081395479
1523 10087446720
1523 10122951342
1523 10124912238
1523 10129719977
1523 10133780614
1523 10136577735
1523 10143415301
1523 10169646977
1523 10180803276
1523 10204034401
1523 10230157644
1523 10243365775
1523 10247672970
1523 10252889617
1523 10257352234
1523 10258900467
1523 10260116851
1523 10275950201
1523 10287877352
1523 10288355908
1524 10021367694
1524 10031634008
1524 10032882749
1524 10047183700
1524 10058020041
1524 10063522465
1524 10066628623
1524 10073022928
1524 10079332277
1524 10099843334
1524 10100891716
1524 10103635548
1524 10105190525
1524 10148622472
1524 10149339016
1524 10149697244
1524 10154079647
1524 10155743453
1524 10157297331
1524 10158532928
1524 10175708462
1524 10179921400
1524 10187574475
1524 10209346779
1524 10217806769
1524 10225608453
1524 10230839430
1524 10232655496
1524 10236990255
1524 10246756393
1524 10252052314
1524 10265254012
1524 10268892504
1524 10294454658
1524 10295059288
1525 10001716218
1525 10007882062
1525 10017533368
1525 10019966035
1525 10020639904
1525 10023824514
1525 10041525885
1525 10046575535
1525 10055075629
1525 10075094416
1525 10077066742
1525 10100603055
1525 10105172272
1525 10106125640
1525 10112929378
1525 10116372896
1525 10129217748
1525 10135201309
1525 10144326297
1525 10155243059
1525 10160604370
1525 10161021334
1525 10162158982
1525 10162488297
1525 10173488303
1525 10179792802
1525 10195535565
1525 10198243501
1525 10198605813
1525 10222211803
1525 10233632005
1525 10235714094
1525 10237509643
1525 10238239994
1525 10295748388
1525 10298457427
1526 10018443009
1526 10023929975
1526 10024018918
1526 10028289337
1526 10039136201
1526 10068473850
1526 10071861398
1526 10072243355
1526 10074374828
1526 10076773031
1526 10095697835
1526 10102485532
1526 10110129711
1526 10120285017
1526 10122637420
1526 10159866325
1526 10170321234
1526 10185656573
1526 10190625534
1526 10193588860
1526 10218592312
1526 10219823564
1526 10232501789
1526 10233796043
1526 10233887049
1526 10237617962
1526 10239637420
1526 10249564583
1526 10252040366
1526 10263787018
1526 10277221830
1527 10005341673
1527 10011378658
1527 10016894578
1527 10022175381
1527 10044947676
1527 10051138627
1527 10052223513
1527 10076280349
1527 10097939430
1527 10105519465
1527 10110005438
1527 10116637376
1527 10120569323
1527 10122764583
1527 10127852371
1527 10139216712
1527 10142781555
1527 10163305582
1527 10164494760
1527 10165896033
1527 10166347695
1527 10176388173
1527 10185321567
1527 10187084157
1527 10189209303
1527 10202259622
1527 10202789333
1527 10220532172
1527 10220562002
1527 10225745022
1527 10227451286
1527 10230521854
1527 10246203114
1527 10257383021
1527 10277173251
1527 10280221130
1527 10294010701
1528 10004045166
1528 10008825783
1528 10012970298
1528 10016451017
1528 10019564274
1528 10030673473
1528 10041772289
1528 10094058211
1528 10129190969
1528 10129748217
1528 10130195190
1528 10139975643
1528 10151037000
1528 10165890960
1528 10174886482
1528 10186248119
1528 10186884382
1528 10188593346
1528 10192177856
1528 10203593740
1528 10207256373
1528 10212019667
1528 10227134647
1528 10234934793
1528 10251065754
1528 10260131222
1528 10266475242
1528 10287933668
1528 10295134105
1528 10297855434
1529 10006182238
1529 10018354285
1529 10020098938
1529 10021432289
1529 10027194282
1529 10031280221
1529 10031527717
1529 10052096228
1529 10060808028
1529 10060943080
1529 10068132072
1529 10073290315
1529 10080256075
1529 10088660394
1529 10101772456
1529 10110221428
1529 10112216357
1529 10116365946
1529 10117179015
1529 10144763792
1529 10155516961
1529 10176974171
1529 10177796896
1529 10190159375
1529 10194147993
1529 10203128086
1529 10203638988
1529 10213559205
1529 10220038922
1529 10220230728
1529 10223418508
1529 10229275300
1529 10229688762
1529 10243334267
1529 10250551362
1529 10255917636
1529 10262339359
1529 10269653233
1529 10271659642
1529 10272289106
1529 10288214725
1529 10290854603
1530 10005094198
1530 10005878262
1530 10013832711
1530 10020907648
1530 10029588176
1530 10035932451
1530 10039232497
1530 10058094396
1530 10064217557
1530 10080604516
1530 10089649636
1530 10090319106
1530 10093870751
1530 10095079799
1530 10104952563
1530 10109937950
1530 10110284478
1530 10115777624
1530 10120349916
1530 10124840984
1530 10128760499
1530 10140306484
1530 10144179979
1530 10145207516
1530 10161027179
1530 10188828010
1530 10215546307
1530 10222220306
1530 10225890576
1530 10233796471
1530 10236244138
1530 10236646044
1530 10251442371
1530 10291205658
1530 10291484332
1530 10298040167
1531 10005140217
1531 10007579079
1531 10009565948
1531 10012239749
1531 10015719264
1531 10016815388
1531 10043381593
1531 10073047262
1531 10094409358
1531 10095499155
1531 10097361091
1531 10108691313
1531 10114521518
1531 10117196882
1531 10117689975
1531 10118882155
1531 10131363553
1531 10159613386
1531 10159903717
1531 10176361503
1531 10180159629
1531 10205787737
1531 10206008106
1531 10206337575
1531 10219014323
1531 10222617413
1531 10223069412
1531 10251679653
1531 10269754410
1531 10280716207
1531 10282484220
1531 10296275191
1531 10297528809
1532 10001409773
1532 10013229944
1532 10013971072
1532 10028896800
1532 10034594271
1532 10036167798
1532 10041471747
1532 10052256823
1532 10069463402
1532 10098264805
1532 10102176017
1532 10114043350
1532 10128213394
1532 10131181935
1532 10135811107
1532 10136081656
1532 10136099463
1532 10140772850
1532 10142161066
1532 10144065971
1532 10160636939
1532 10164595558
1532 10174867051
1532 10179996937
1532 10182285676
1532 10188735609
1532 10191879150
1532 10195410322
1532 10202569158
1532 10208035766
1532 10208582642
1532 10209161031
1532 10214457365
1532 10216468743
1532 10217277528
1532 10221742598
1532 10221887489
1532 10231317415
1532 10247430527
1532 10287000204
1532 10298506257
1533 10014773175
1533 10021326169
1533 10025596814
1533 10025814980
1533 10034377743
1533 10043545718
1533 10053923108
1533 10095887475
1533 10096850845
1533 10101847990
1533 10147760673
1533 10149688998
1533 10149948768
1533 10156967399
1533 10167536895
1533 10177141348
1533 10186760591
1533 10192587177
1533 10196241008
1533 10198582186
1533 10202250195
1533 10204129504
1533 10208154397
1533 10211985659
1533 10218222818
1533 10218532773
1533 10234316003
1533 10242280097
1533 10242429055
1533 10257221116
1533 10259289517
1533 10265444930
1533 10277251522
1533 10284747672
1533 10287273677
1533 10295412441
1534 10007009664
1534 10008221692
1534 10017848347
1534 10026942085
1534 10027871253
1534 10032193379
1534 10078372261
1534 10078985108
1534 10080096551
1534 10098627365
1534 10109663932
1534 10114637504
1534 10115152273
1534 10133312223
1534 10140223996
1534 10157619258
1534 10173656999
1534 10175673140
1534 10187053377
1534 10189094368
1534 10197234536
1534 10214549059
1534 10225903900
1534 10228565436
1534 10233875136
1534 10235955050
1534 10240311705
1534 10279086762
1534 10284629345
1534 10284772911
1534 10290829502
1534 10294437878
1535 10004265257
1535 10007642443
1535 10013697204
1535 10023063790
1535 10039244640
1535 10039903007
1535 10041307928
1535 10042622903
1535 10043520021
1535 10051858460
1535 10058192386
1535 10070123553
1535 10071154357
1535 10081098189
1535 10084243494
1535 10091590971
1535 10106468755
1535 10113902768
1535 10115036172
1535 10115986805
1535 10138423454
1535 10139134899
1535 10139376465
1535 10151781696
1535 10156084568
1535 10175529899
1535 10179554643
1535 10206049870
1535 10208996940
1535 10214975945
1535 10215348336
1535 10230391182
1535 10237975440
1535 10241878841
1535 10242355376
1535 10243429525
1535 10246040861
1535 10248601529
1535 10249891144
1535 10253502465
1535 10258974014
1535 10282761847
1535 10294524255
1535 10295170800
1536 10009013378
1536 10009071352
1536 10011216123
1536 10015440278
1536 10019138244
1536 10021276872
1536 10027561664
1536 10035959361
1536 10042429447
1536 10046712325
1536 10052446325
1536 10071724637
1536 10077340437
1536 10106463250
1536 10114858683
1536 10117559480
1536 10119271821
1536 10126585539
1536 10134774912
1536 10144356321
1536 10161452862
1536 10172289293
1536 10189888081
1536 10203249946
1536 10207911836
1536 10213722669
1536 10221731047
1536 10236023150
1536 10245901626
1536 10248701252
1536 10258828537
1536 10262688123
1536 10282124434
1536 10282548518
1536 10285759512
1536 10287358235
1537 10011030393
1537 10017270981
1537 10021270202
1537 10029175550
1537 10041084559
1537 10055350115
1537 10057065153
1537 10060802499
1537 10064354162
1537 10076297846
1537 10099592931
1537 10107253665
1537 10117965652
1537 10137402937
1537 10144923945
1537 10162943549
1537 10183514925
1537 10187589397
1537 10193732162
1537 10212944753
1537 10229697525
1537 10231049992
1537 10246652985
1537 10252829633
1537 10253817713
1537 10255674357
1537 10263742938
1537 10269473843
1537 10272651658
1537 10272694007
1537 10284637744
1537 10290585332
1538 10020956027
1538 10022183096
1538 10041733674
1538 10044597522
1538 10049430635
1538 10051191409
1538 10084557219
1538 10091742177
1538 10119730568
1538 10129372493
1538 10134450318
1538 10138852822
1538 10140118461
1538 10158620136
1538 10159783675
1538 10162843481
1538 10166579473
1538 10184175213
1538 10202410004
1538 10218143797
1538 10223289631
1538 10232458402
1538 10232537476
1538 10237496252
1538 10240295526
1538 10246260763
1538 10247214982
1538 10249535269
1538 10256769704
1538 10260210767
1538 10262301874
1538 10266151976
1538 10282669538
1538 10283375334
1538 10284730828
1538 10289291587
1538 10291608348
1538 10297909803
1539 10021456085
1539 10032471369
1539 10042333147
1539 10043489432
1539 10046584167
1539 10047565075
1539 10048748144
1539 10048828061
1539 10055891307
1539 10078652983
1539 10092423490
1539 10094063366
1539 10095921222
1539 10103115689
1539 10114074243
1539 10114691848
1539 10125788528
1539 10138362148
1539 10138987626
1539 10165924256
1539 10181979378
1539 10189284181
1539 10194936321
1539 10199236287
1539 10201603619
1539 10208924040
1539 10214131032
1539 10225019762
1539 10232763712
1539 10239149566
1539 10239561473
1539 10240548611
1539 10245320813
1539 10253577669
1539 10259506688
1539 10262880116
1539 10266514801
1539 10273358856
1539 10274770723
1539 10276679309
1539 10279831134
1540 10000924039
1540 10003121628
1540 10005215706
1540 10007349223
1540 10016437691
1540 10020629306
1540 10029629094
1540 10040892141
1540 10042169672
1540 10046976809
1540 10051222022
1540 10077234207
1540 10082932465
1540 10088216159
1540 10092793316
1540 10094721213
1540 10098953776
1540 10152767225
1540 10157413820
1540 10176399008
1540 10202055680
1540 10211412945
1540 10215353719
1540 10222915225
1540 10226025917
1540 10231403133
1540 10232469797
1540 10235394100
1540 10235879940
1540 10236100306
1540 10247764738
1540 10250937555
1540 10280009695
1541 10001561497
1541 10003957690
1541 10004279161
1541 10028044026
1541 10034729710
1541 10040508211
1541 10046557044
1541 10050061236
1541 10052546906
1541 10064620382
1541 10068686929
1541 10071259274
1541 10074044791
1541 10096299858
1541 10118128661
1541 10118460812
1541 10123784344
1541 10144710397
1541 10162823074
1541 10167528398
1541 10173212998
1541 10178131284
1541 10195817274
1541 10212272090
1541 10221100467
1541 10221587669
1541 10227525186
1541 10231084215
1541 10233561013
1541 10240137990
1541 10241173075
1541 10244933537
1541 10256657432
1541 10261138637
1541 10276198619
1541 10278856690
1541 10280345017
1541 10280677303
1541 10281250414
1541 10292749504
1542 10004734400
1542 10022611206
1542 10030584030
1542 10038926325
1542 10038973877
1542 10062212522
1542 10069309389
1542 10073994218
1542 10079165655
1542 10086600672
1542 10087969879
1542 10088347748
1542 10093148921
1542 10093630801
1542 10101063253
1542 10108799621
1542 10118577436
1542 10124897729
1542 10126734704
1542 10127361897
1542 10144137691
1542 10159108877
1542 10161734689
1542 10162349127
1542 10169087486
1542 10169339378
1542 10171766616
1542 10172365439
1542 10174919883
1542 10178138084
1542 10189397215
1542 10197375127
1542 10210498037
1542 10240496714
1542 10249761313
1542 10272893859
1542 10274591551
1542 10277275994
1542 10278084194
1542 10282234100
1542 10283325122
1542 10294572607
1543 10001157451
1543 10011093602
1543 10016427478
1543 10025170143
1543 10046767861
1543 10050764909
1543 10065822658
1543 10069880370
1543 10071112172
1543 10076283478
1543 10078284640
1543 10087667508
1543 10089605505
1543 10113433056
1543 10124187358
1543 10141501906
1543 10143662686
1543 10160186655
1543 10162888588
1543 10173022926
1543 10182299601
1543 10188326329
1543 10189172493
1543 10215984176
1543 10218437859
1543 10234525375
1543 10234835297
1543 10281776617
1543 10295350019
1544 10005262114
1544 10012855003
1544 10022086448
1544 10024368452
1544 10062754036
1544 10079472505
1544 10103606836
1544 10114128955
1544 10123802175
1544 10123897856
1544 10125322948
1544 10127133395
1544 10134661428
1544 10135216735
1544 10147036848
1544 10151628984
1544 10156635956
1544 10165205304
1544 10184974024
1544 10187167992
1544 10191603653
1544 10193846497
1544 10208752581
1544 10210133676
1544 10223379432
1544 10229448930
1544 10231967282
1544 10233468561
1544 10242034991
1544 10244415077
1544 10244441581
1544 10250097021
1544 10255050598
1544 10259464703
1544 10265312723
1544 10270226231
1544 10274451683
1544 10283311689
1544 10286840714
1544 10291690622
1544 10295207027
1544 10295715643
1545 10005820895
1545 10010308871
1545 10010777613
1545 10011977476
1545 10019606484
1545 10026585189
1545 10027173289
1545 10030457311
1545 10041794616
1545 10042050333
1545 10044064828
1545 10052945912
1545 10063970484
1545 10069531606
1545 10078281673
1545 10087014173
1545 10090575240
1545 10092108797
1545 10098767632
1545 10100987621
1545 10118493550
1545 10118775469
1545 10130211058
1545 10132112520
1545 10134925681
1545 10177252624
1545 10179611563
1545 10180868557
1545 10195843198
1545 10200347416
1545 10200373159
1545 10205644356
1545 10212098495
1545 10230681242
1545 10230999849
1545 10248243288
1545 10251902227
1545 10252252038
1545 10267253635
1545 10277674473
1545 10277966882
1545 10293628664
1546 10005434156
1546 10013077600
1546 10014661756
1546 10024415607
1546 10030382847
1546 10039056991
1546 10044605800
1546 10049586753
1546 10051721798
1546 10051813315
1546 10057426417
1546 10071348622
1546 10071943127
1546 10072681917
1546 10078600976
1546 10097947826
1546 10100990055
1546 10134573480
1546 10136853335
1546 10148439318
1546 10149226964
1546 10149511438
1546 10165710767
1546 10167572239
1546 10182257830
1546 10195786978
1546 10209367458
1546 10216154901
1546 10229478110
1546 10243196488
1546 10268049115
1546 10268666042
1546 10294625764
1547 10013032570
1547 10035914404
1547 10043937795
1547 10045600979
1547 10047242719
1547 10070386145
1547 10080419704
1547 10106402728
1547 10109871298
1547 10114638810
1547 10121486784
1547 10125392469
1547 10125562207
1547 10130703616
1547 10142392405
1547 10169867467
1547 10171438115
1547 10177908340
1547 10187167206
1547 10193761964
1547 10196953214
1547 10205218462
1547 10206529397
1547 10211993252
1547 10223709705
1547 10225338453
1547 10225815591
1547 10228497032
1547 10242244736
1547 10246461781
1547 10263613996
1547 10265482122
1547 10282005670
1547 10285304731
1547 10285325213
1547 10287218790
1548 10001264360
1548 10055551417
1548 10084620656
1548 10098784183
1548 10100174238
1548 10116900086
1548 10123544366
1548 10139859267
1548 10157603421
1548 10163884992
1548 10165263009
1548 10194536981
1548 10199829068
1548 10240806206
1548 10251603069
1548 10269591053
1548 10272156171
1548 10286324157
1548 10294189090
1549 10003388552
1549 10019224899
1549 10029360062
1549 10029470623
1549 10031433540
1549 10037338294
1549 10044378207
1549 10052825918
1549 10065592908
1549 10076428074
1549 10084816587
1549 10093884205
1549 10097595069
1549 10113833049
1549 10140112072
1549 10148627134
1549 10150022416
1549 10151571590
1549 10152793183
1549 10163177422
1549 10164160092
1549 10182083974
1549 10190385604
1549 10194129591
1549 10202696277
1549 10220782065
1549 10221120511
1549 10223786955
1549 10231880438
1549 10236537619
1549 10248531515
1549 10257021016
1549 10260188987
1549 10285371413
1549 10293844909
1550 10003212904
1550 10005325007
1550 10007315556
1550 10016211698
1550 10029529836
1550 10032989967
1550 10048097013
1550 10075419715
1550 10083952731
1550 10088598196
1550 10091018893
1550 10091823442
1550 10093340220
1550 10096352003
1550 10104674234
1550 10135450601
1550 10142854801
1550 10153859674
1550 10155876044
1550 10162199021
1550 10168888380
1550 10199924489
1550 10201171173
1550 10207363847
1550 10209602744
1550 10215562243
1550 10216422101
1550 10229221351
1550 10234885325
1550 10236127404
1550 10241343836
1550 10241671940
1550 10256314608
1550 10265798178
1550 10277458557
1551 10005240538
1551 10011223031
1551 10015739063
1551 10016998916
1551 10057950441
1551 10060622536
1551 10068458264
1551 10077809615
1551 10081430841
1551 10083415437
1551 10102365284
1551 10108850268
1551 10136827048
1551 10142482174
1551 10146814731
1551 10149035818
1551 10157909381
1551 10160423214
1551 10174655788
1551 10186510065
1551 10194013741
1551 10198899534
1551 10199335650
1551 10200155156
1551 10203267535
1551 10224327045
1551 10234872891
1551 10238893594
1551 10254701486
1551 10259907338
1551 10275122759
1551 10279220325
1552 10001827094
1552 10036345592
1552 10076283602
1552 10079625220
1552 10087706747
1552 10089761011
1552 10091053733
1552 10101430735
1552 10106350676
1552 10110337714
1552 10119655605
1552 10130874410
1552 10143880854
1552 10146454083
1552 10158931287
1552 10189787091
1552 10197684649
1552 10219473591
1552 10225180867
1552 10231853601
1552 10233952600
1552 10234150513
1552 10263055360
1552 10263773089
1552 10265667468
1552 10265971203
1552 10268445656
1552 10278726404
1552 10280064005
1552 10286287878
1552 10293866153
1553 10024003681
1553 10028241427
1553 10049137278
1553 10062820749
1553 10065600633
1553 10073617613
1553 10077762109
1553 10091357258
1553 10091767049
1553 10103781563
1553 10106322009
1553 10114144132
1553 10114619756
1553 10156290975
1553 10161698317
1553 10163009739
1553 10164265747
1553 10169222099
1553 10176273704
1553 10183518033
1553 10193665895
1553 10195250649
1553 10195860599
1553 10196357268
1553 10197235692
1553 10201328258
1553 10211059968
1553 10211335700
1553 10221810322
1553 10247154271
1553 10251486052
1553 10253094144
1553 10254171771
1553 10257181136
1553 10262078044
1553 10287580598
1553 10289289323
1553 10294750566
1553 10297478851
1554 10007603091
1554 10022423459
1554 10023225603
1554 10047406703
1554 10053137544
1554 10066821385
1554 10067272731
1554 10071486985
1554 10071815533
1554 10075635246
1554 10077215888
1554 10084092527
1554 10086849542
1554 10087756056
1554 10088517895
1554 10096278936
1554 10112411521
1554 10112415038
1554 10115969646
1554 10136042962
1554 10137605566
1554 10143267485
1554 10146879788
1554 10153023907
1554 10173073671
1554 10175621289
1554 10176392464
1554 10180517396
1554 10183463184
1554 10183633220
1554 10190871723
1554 10217309909
1554 10218893109
1554 10262765285
1554 10265387359
1554 10287837079
1554 10294023772
1554 10294787571
1555 10000490316
1555 10010404233
1555 10027999970
1555 10030486169
1555 10032412666
1555 10032925860
1555 10042787062
1555 10043738438
1555 10051381357
1555 10066738459
1555 10072386005
1555 10073861129
1555 10074582903
1555 10078193850
1555 10135065946
1555 10135354711
1555 10141061646
1555 10145242437
1555 10149157317
1555 10150395856
1555 10158319891
1555 10179742857
1555 10184081756
1555 10194071372
1555 10195318886
1555 10196398948
1555 10206806500
1555 10212163937
1555 10212179172
1555 10219061900
1555 10219299784
1555 10222229637
1555 10235335368
1555 10239604351
1555 10243814781
1555 10262190434
1555 10262222979
1555 10273339807
1555 10280407517
1555 10285523257
1555 10292454293
1555 10298052502
1556 10006919579
1556 10015772565
1556 10019871088
1556 10021903377
1556 10032669875
1556 10037408931
1556 10052558615
1556 10059659946
1556 10061736673
1556 10064792424
1556 10070742035
1556 10078417933
1556 10080061882
1556 10089721068
1556 10093718384
1556 10097624113
1556 10102604333
1556 10106903199
1556 10107708180
1556 10112195160
1556 10129090385
1556 10138350226
1556 10146483703
1556 10155096023
1556 10157129144
1556 10168711165
1556 10172225234
1556 10221792777
1556 10227879911
1556 10230467274
1556 10232625751
1556 10241578181
1556 10262096138
1556 10267648323
1556 10272737550
1556 10276995230
1556 10282409254
1556 10296184728
1557 10012499717
1557 10015436474
1557 10018923667
1557 10036378791
1557 10045129857
1557 10062548104
1557 10067577248
1557 10087148437
1557 10088944719
1557 10095727041
1557 10099236583
1557 10101482676
1557 10103126507
1557 10116109704
1557 10122497758
1557 10123844131
1557 10134995327
1557 10137879118
1557 10143391209
1557 10144029502
1557 10154531448
1557 10170766283
1557 10170974843
1557 10176945703
1557 10191050280
1557 10193903234
1557 10203643301
1557 10203885366
1557 10210799416
1557 10219087315
1557 10221775989
1557 10242357981
1557 10254747232
1557 10278865357
1557 10288676045
1557 10296974664
1557 10297843352
1558 10011711172
1558 10014192936
1558 10017293931
1558 10019330768
1558 10019587215
1558 10024730884
1558 10046418204
1558 10046812054
1558 10049846262
1558 10071402180
1558 10076527432
1558 10093441007
1558 10119390179
1558 10121191828
1558 10127790426
1558 10131303111
1558 10133359628
1558 10155082092
1558 10178924135
1558 10190464096
1558 10193075918
1558 10204066737
1558 10206054441
1558 10208149266
1558 10216837221
1558 10223672409
1558 10235932534
1558 10237257046
1558 10240590621
1558 10253630388
1558 10283364705
1558 10283840040
1558 10285270136
1559 10004037255
1559 10016231695
1559 10022982189
1559 10032978827
1559 10044051949
1559 10056982508
1559 10058161833
1559 10073729060
1559 10074241913
1559 10075880016
1559 10091811574
1559 10107293400
1559 10113545608
1559 10114231847
1559 10125503476
1559 10129450824
1559 10141398800
1559 10146395125
1559 10148016947
1559 10153009033
1559 10155666420
1559 10159954437
1559 10166312556
1559 10172937222
1559 10182852046
1559 10196278831
1559 10203177299
1559 10207008541
1559 10209957769
1559 10220036075
1559 10221556008
1559 10224658263
1559 10230258717
1559 10242694538
1559 10254639804
1559 10273730859
1559 10275206317
1559 10285397836
1560 10009813332
1560 10018472507
1560 10023818369
1560 10025777092
1560 10036616281
1560 10039311728
1560 10044446963
1560 10044910268
1560 10047430788
1560 10049240804
1560 10052244975
1560 10054368180
1560 10063975908
1560 10070505947
1560 10074425754
1560 10076288274
1560 10076493671
1560 10076843165
1560 10096725819
1560 10106712595
1560 10115391080
1560 10115917506
1560 10120386072
1560 10123570354
1560 10124782532
1560 10126033359
1560 10141764199
1560 10145626482
1560 10164932817
1560 10193775088
1560 10195242619
1560 10195416192
1560 10202309423
1560 10206157040
1560 10213424161
1560 10216750889
1560 10230509961
1560 10231163075
1560 10233975451
1560 10242055240
1560 10250678861
1560 10256395792
1560 10258367870
1560 10259141690
1560 10265734408
1560 10274310614
1560 10283445878
1560 10290272242
1560 10295518681
1560 10295637203
1561 10006610470
1561 10024692515
1561 10040361719
1561 10042212438
1561 10044788233
1561 10049974192
1561 10074475627
1561 10109117919
1561 10127011140
1561 10131490060
1561 10177833333
1561 10184513544
1561 10204641766
1561 10207325540
1561 10210124941
1561 10210322484
1561 10215868836
1561 10217487442
1561 10236140175
1561 10248556335
1561 10253916483
1561 10254975340
1561 10262250650
1561 10275240682
1561 10284132139
1561 10290865217
1561 10292768280
1561 10293188930
1562 10001623529
1562 10005036146
1562 10012645554
1562 10021438296
1562 10023147800
1562 10032505400
1562 10039413878
1562 10044713318
1562 10054859887
1562 10058256058
1562 10061863563
1562 10063390552
1562 10076803215
1562 10077049713
1562 10083188070
1562 10085888469
1562 10103877419
1562 10111619633
1562 10113186021
1562 10117040326
1562 10141057102
1562 10143564026
1562 10148490207
1562 10150791286
1562 10170173583
1562 10192769133
1562 10203545067
1562 10206560222
1562 10208974746
1562 10221292283
1562 10246693056
1562 10251877906
1562 10257701531
1562 10261274855
1562 10293000384
1562 10296675855
1563 10001569458
1563 10006842359
1563 10008506355
1563 10022494627
1563 10034323154
1563 10034753273
1563 10039047568
1563 10043094427
1563 10055735193
1563 10057837889
1563 10083713911
1563 10085471962
1563 10098391592
1563 10099383879
1563 10114212889
1563 10124259426
1563 10129799295
1563 10133811320
1563 10135081798
1563 10141236148
1563 10146968409
1563 10163356168
1563 10168906857
1563 10193069767
1563 10194092779
1563 10199429143
1563 10200581047
1563 10208836305
1563 10211181395
1563 10214552280
1563 10219503555
1563 10227024408
1563 10230873317
1563 10246465669
1563 10246747845
1563 10266211101
1563 10269589944
1563 10274457772
1563 10284638131
1563 10297662520
1564 10002780319
1564 10024232562
1564 10051543724
1564 10054903883
1564 10066174236
1564 10069755235
1564 10070599208
1564 10081778803
1564 10086952186
1564 10103170204
1564 10103676827
1564 10107237160
1564 10119977651
1564 10134800519
1564 10158321394
1564 10179072083
1564 10186373828
1564 10189462480
1564 10212724474
1564 10217849972
1564 10226648121
1564 10245715393
1564 10254455126
1564 10262585723
1564 10282027014
1564 10283519343
1564 10284475384
1564 10287073966
1564 10289800566
1565 10000475166
1565 10007549305
1565 10007964503
1565 10008871797
1565 10016061977
1565 10027290941
1565 10028327461
1565 10029365142
1565 10029563338
1565 10037827777
1565 10038532183
1565 10039400062
1565 10055224585
1565 10075618871
1565 10084275977
1565 10087396511
1565 10091937857
1565 10100775635
1565 10132457814
1565 10138781250
1565 10143516506
1565 10148031507
1565 10154338762
1565 10155224678
1565 10157168402
1565 10165089903
1565 10176608088
1565 10181423056
1565 10198338277
1565 10201943887
1565 10215179685
1565 10239064268
1565 10255893862
1565 10260250793
1565 10288034470
1565 10288364033
1566 10001649711
1566 10009227332
1566 10020149507
1566 10031862640
1566 10040873106
1566 10047366026
1566 10054475075
1566 10054489096
1566 10067727788
1566 10075932870
1566 10084344822
1566 10085047481
1566 10087402157
1566 10094222550
1566 10094459031
1566 10096259710
1566 10096276232
1566 10112219575
1566 10115693390
1566 10127900948
1566 10136126768
1566 10142083120
1566 10146277097
1566 10156188157
1566 10156822438
1566 10161617034
1566 10164337262
1566 10176162192
1566 10180863427
1566 10184863290
1566 10196506980
1566 10201296831
1566 10215151820
1566 10217599058
1566 10226637188
1566 10229727968
1566 10236329817
1566 10238787330
1566 10239496169
1566 10240151633
1566 10243851951
1566 10247490239
1566 10247583020
1566 10261115421
1566 10290034266
1566 10295730086
1566 10297108488
1567 10000486996
1567 10020506883
1567 10021216494
1567 10032898779
1567 10033194512
1567 10055289035
1567 10059157440
1567 10075769999
1567 10081174694
1567 10086136569
1567 10088263734
1567 10109608825
1567 10112973075
1567 10113680087
1567 10114963143
1567 10122372287
1567 10133974204
1567 10153375542
1567 10156396002
1567 10165823422
1567 10189686304
1567 10201303145
1567 10205691149
1567 10221211934
1567 10221954649
1567 10234527311
1567 10250917607
1567 10251079278
1567 10265220211
1567 10269566795
1567 10280497807
1567 10285296633
1567 10285555071
1567 10285774693
1568 10020763879
1568 10034242642
1568 10034269054
1568 10038755134
1568 10049420170
1568 10050351221
1568 10063045085
1568 10067759931
1568 10095078861
1568 10105470776
1568 10129473269
1568 10138245828
1568 10138304750
1568 10146721732
1568 10148252915
1568 10174900429
1568 10193543002
1568 10194502278
1568 10194861412
1568 10207701717
1568 10217266806
1568 10217984678
1568 10226082946
1568 10227280868
1568 10230782056
1568 10242884150
1568 10244473548
1568 10245769686
1568 10249613235
1568 10256169449
1568 10262966583
1568 10285699157
1568 10297340370
1568 10298666683
1569 10004337130
1569 10008512886
1569 10020334794
1569 10034013447
1569 10037065081
1569 10039517897
1569 10039854441
1569 10047095407
1569 10048918227
1569 10053093274
1569 10062240750
1569 10067328205
1569 10072549703
1569 10076094179
1569 10080294995
1569 10080302403
1569 10088530914
1569 10091143301
1569 10098672336
1569 10102868544
1569 10108515906
1569 10120553168
1569 10128433567
1569 10133302744
1569 10146702328
1569 10152266594
1569 10153065319
1569 10163445242
1569 10176217130
1569 10181216494
1569 10186595140
1569 10201710409
1569 10208936597
1569 10209723317
1569 10219604081
1569 10232381281
1569 10240421834
1569 10242006250
1569 10243154154
1569 10246295861
1569 10248562706
1569 10253986949
1569 10255842388
1569 10268497608
1569 10270949934
1569 10274642415
1569 10279581658
1569 10281642960
1570 10000437283
1570 10001181021
1570 10010671515
1570 10016196329
1570 10016222779
1570 10021659343
1570 10023532893
1570 10030935348
1570 10037201861
1570 10041311210
1570 10044205206
1570 10053342132
1570 10056322495
1570 10062056937
1570 10069547783
1570 10071162879
1570 10085257969
1570 10092587232
1570 10121294031
1570 10126663774
1570 10153997414
1570 10157440348
1570 10159907752
1570 10162657483
1570 10164519297
1570 10167727902
1570 10170166259
1570 10174733938
1570 10183126394
1570 10209492639
1570 10213182799
1570 10215430102
1570 10225531857
1570 10227088599
1570 10229999760
1570 10230123715
1570 10237562814
1570 10244259484
1570 10246435116
1570 10275293702
1570 10276640843
1570 10290660077
1570 10297108648
1571 10007974650
1571 10012511860
1571 10022530720
1571 10033964034
1571 10044614905
1571 10046237869
1571 10062197417
1571 10067652912
1571 10070252830
1571 10077171906
1571 10099468000
1571 10102941420
1571 10103848049
1571 10113916485
1571 10130402001
1571 10132581959
1571 10133933646
1571 10134024136
1571 10145443788
1571 10152629461
1571 10168118681
1571 10189406291
1571 10190822247
1571 10191319672
1571 10198701641
1571 10212911269
1571 10214646864
1571 10234219138
1571 10244812156
1571 10245634918
1571 10256310482
1571 10257873267
1571 10261364968
1571 10270195969
1571 10295448662
1571 10296392456
